AnsysSound_SoundSamples	1
FS	10
9.10E+02
9.83E+02
8.70E+02
7.94E+02
9.82E+02
1.04E+03
1.07E+03
1.13E+03
1.18E+03
1.25E+03
1.31E+03
1.36E+03
1.40E+03
1.47E+03
1.53E+03
1.60E+03
1.66E+03
1.73E+03
1.79E+03
1.86E+03
1.92E+03
1.98E+03
2.05E+03
2.12E+03
2.19E+03
2.28E+03
2.35E+03
2.41E+03
2.46E+03
2.54E+03
2.59E+03
2.68E+03
2.79E+03
2.84E+03
2.91E+03
2.98E+03
3.04E+03
3.12E+03
3.18E+03
3.25E+03
3.30E+03
3.36E+03
3.47E+03
3.54E+03
3.61E+03
3.68E+03
3.74E+03
3.80E+03
3.86E+03
3.93E+03
4.00E+03
4.05E+03
4.11E+03
4.16E+03
4.23E+03
4.32E+03
4.35E+03
4.39E+03
4.44E+03
4.50E+03
4.56E+03
4.61E+03
4.65E+03
4.70E+03
4.75E+03
4.80E+03
4.77E+03
4.62E+03
4.31E+03
3.99E+03
3.74E+03
3.54E+03
3.54E+03
3.53E+03
3.52E+03
3.52E+03
3.52E+03
3.56E+03
3.55E+03
3.57E+03
3.58E+03
3.53E+03
3.47E+03
3.53E+03
3.56E+03
3.52E+03
3.50E+03
3.48E+03
3.48E+03
3.46E+03
3.46E+03
3.42E+03
3.42E+03
3.40E+03
3.39E+03
3.36E+03
3.34E+03
3.34E+03
3.31E+03
3.27E+03
3.25E+03
3.22E+03
3.19E+03
3.18E+03
3.14E+03
3.13E+03
3.10E+03
3.08E+03
3.06E+03
3.06E+03
3.01E+03
3.01E+03
2.97E+03
2.98E+03
2.95E+03
2.95E+03
2.92E+03
2.91E+03
2.89E+03
2.88E+03
2.87E+03
2.85E+03
